org_id remap_id
80 0
81 1
6 2
41 3
66 4
61 5
43 6
44 7
36 8
47 9
62 10
58 11
42 12
56 13
55 14
38 15
82 16
83 17
60 18
59 19
76 20
4 21
79 22
85 23
45 24
54 25
52 26
57 27
50 28
74 29
63 30
64 31
69 32
71 33
75 34
87 35
88 36
89 37
90 38
73 39
91 40
92 41
93 42
94 43
95 44
96 45
78 46
17 47
8 48
49 49
12 50
98 51
24 52
23 53
15 54
18 55
21 56
99 57
7 58
100 59
22 60
27 61
101 62
2 63
102 64
103 65
104 66
39 67
105 68
19 69
106 70
3 71
107 72
108 73
109 74
110 75
111 76
112 77
113 78
114 79
115 80
116 81
117 82
118 83
119 84
120 85
121 86
122 87
11 88
123 89
124 90
125 91
126 92
127 93
128 94
129 95
26 96
40 97
130 98
131 99
37 100
132 101
133 102
134 103
135 104
136 105
137 106
138 107
139 108
140 109
141 110
142 111
143 112
144 113
145 114
146 115
147 116
148 117
149 118
150 119
151 120
152 121
153 122
154 123
155 124
156 125
157 126
158 127
159 128
160 129
161 130
162 131
163 132
164 133
165 134
166 135
167 136
168 137
169 138
170 139
171 140
172 141
173 142
174 143
175 144
176 145
177 146
178 147
179 148
180 149
181 150
182 151
183 152
184 153
185 154
186 155
187 156
5 157
194 158
195 159
196 160
51 161
16 162
201 163
202 164
97 165
203 166
204 167
205 168
206 169
241 170
242 171
239 172
243 173
238 174
244 175
235 176
210 177
245 178
246 179
247 180
248 181
249 182
250 183
251 184
218 185
252 186
253 187
254 188
255 189
236 190
256 191
257 192
258 193
259 194
260 195
261 196
262 197
263 198
264 199
265 200
266 201
267 202
268 203
269 204
270 205
271 206
272 207
273 208
274 209
275 210
276 211
277 212
278 213
279 214
280 215
281 216
282 217
283 218
284 219
285 220
286 221
287 222
288 223
289 224
290 225
231 226
193 227
291 228
14 229
292 230
293 231
294 232
295 233
296 234
297 235
298 236
299 237
300 238
301 239
302 240
303 241
304 242
240 243
305 244
306 245
307 246
308 247
309 248
310 249
311 250
65 251
312 252
313 253
314 254
315 255
48 256
316 257
317 258
318 259
319 260
320 261
321 262
322 263
323 264
324 265
325 266
326 267
327 268
328 269
329 270
330 271
331 272
332 273
333 274
334 275
335 276
336 277
337 278
338 279
339 280
340 281
341 282
342 283
343 284
344 285
345 286
346 287
347 288
348 289
349 290
350 291
351 292
352 293
353 294
354 295
355 296
356 297
357 298
358 299
359 300
360 301
361 302
362 303
363 304
364 305
365 306
366 307
367 308
368 309
369 310
370 311
371 312
372 313
373 314
374 315
375 316
376 317
377 318
378 319
379 320
380 321
381 322
382 323
383 324
384 325
385 326
386 327
387 328
388 329
389 330
390 331
391 332
392 333
393 334
394 335
395 336
396 337
397 338
398 339
399 340
400 341
401 342
402 343
403 344
404 345
405 346
406 347
407 348
408 349
409 350
410 351
411 352
412 353
413 354
414 355
415 356
416 357
417 358
418 359
67 360
419 361
420 362
70 363
421 364
422 365
423 366
424 367
425 368
426 369
427 370
428 371
429 372
430 373
431 374
432 375
433 376
434 377
435 378
436 379
437 380
438 381
439 382
440 383
441 384
442 385
443 386
444 387
445 388
446 389
447 390
448 391
449 392
450 393
451 394
452 395
453 396
77 397
454 398
455 399
456 400
457 401
458 402
459 403
460 404
461 405
462 406
463 407
464 408
465 409
466 410
467 411
468 412
469 413
470 414
471 415
472 416
473 417
474 418
475 419
476 420
477 421
478 422
479 423
480 424
481 425
482 426
483 427
484 428
485 429
486 430
487 431
488 432
489 433
490 434
491 435
492 436
493 437
494 438
495 439
496 440
497 441
498 442
499 443
500 444
53 445
501 446
502 447
503 448
504 449
505 450
506 451
507 452
508 453
509 454
510 455
512 456
513 457
514 458
515 459
516 460
517 461
518 462
519 463
13 464
520 465
521 466
522 467
523 468
524 469
525 470
527 471
536 472
537 473
538 474
539 475
540 476
541 477
542 478
543 479
544 480
545 481
546 482
547 483
548 484
549 485
550 486
551 487
552 488
553 489
590 490
591 491
10 492
578 493
592 494
531 495
532 496
534 497
594 498
595 499
598 500
599 501
600 502
601 503
602 504
603 505
604 506
605 507
608 508
609 509
610 510
611 511
606 512
9 513
618 514
619 515
197 516
620 517
621 518
622 519
623 520
624 521
625 522
626 523
627 524
628 525
629 526
630 527
631 528
632 529
637 530
638 531
639 532
640 533
641 534
642 535
648 536
649 537
615 538
652 539
653 540
209 541
571 542
662 543
216 544
635 545
663 546
664 547
32 548
665 549
666 550
667 551
668 552
188 553
669 554
20 555
526 556
670 557
671 558
672 559
673 560
674 561
675 562
676 563
677 564
678 565
679 566
680 567
681 568
683 569
684 570
685 571
686 572
687 573
688 574
691 575
693 576
696 577
697 578
529 579
612 580
699 581
700 582
701 583
650 584
189 585
558 586
703 587
723 588
724 589
725 590
727 591
728 592
729 593
730 594
705 595
731 596
734 597
736 598
737 599
738 600
219 601
739 602
740 603
741 604
742 605
743 606
744 607
748 608
749 609
750 610
753 611
754 612
755 613
756 614
757 615
758 616
759 617
760 618
557 619
221 620
776 621
778 622
779 623
780 624
781 625
84 626
237 627
789 628
790 629
791 630
792 631
793 632
794 633
795 634
796 635
797 636
798 637
799 638
852 639
771 640
853 641
854 642
855 643
856 644
857 645
86 646
858 647
713 648
772 649
859 650
837 651
860 652
861 653
862 654
863 655
864 656
865 657
866 658
867 659
868 660
869 661
870 662
871 663
872 664
873 665
874 666
228 667
875 668
876 669
877 670
878 671
879 672
880 673
881 674
882 675
883 676
712 677
884 678
885 679
715 680
886 681
887 682
888 683
889 684
890 685
891 686
892 687
893 688
894 689
895 690
896 691
897 692
898 693
899 694
900 695
901 696
902 697
903 698
904 699
905 700
906 701
907 702
908 703
909 704
910 705
911 706
912 707
913 708
914 709
915 710
916 711
917 712
918 713
919 714
920 715
921 716
922 717
923 718
924 719
925 720
926 721
927 722
928 723
929 724
930 725
719 726
931 727
932 728
933 729
718 730
934 731
935 732
936 733
937 734
938 735
939 736
940 737
941 738
942 739
943 740
944 741
945 742
946 743
822 744
947 745
948 746
949 747
950 748
951 749
952 750
953 751
954 752
955 753
956 754
957 755
958 756
959 757
960 758
961 759
962 760
963 761
964 762
511 763
965 764
966 765
967 766
968 767
969 768
970 769
971 770
972 771
973 772
974 773
975 774
976 775
977 776
978 777
979 778
980 779
981 780
982 781
983 782
984 783
985 784
986 785
987 786
988 787
989 788
990 789
991 790
992 791
993 792
994 793
995 794
996 795
997 796
998 797
999 798
1000 799
1001 800
1002 801
1003 802
1004 803
1005 804
722 805
1006 806
1007 807
1008 808
1009 809
1010 810
1011 811
1012 812
1013 813
1014 814
1015 815
220 816
657 817
816 818
1018 819
1019 820
1020 821
1021 822
1022 823
1023 824
1024 825
1025 826
1026 827
1027 828
1028 829
1029 830
1031 831
1040 832
1041 833
1042 834
1044 835
1046 836
1047 837
1049 838
1051 839
1053 840
1055 841
811 842
803 843
1056 844
658 845
1060 846
1061 847
1062 848
573 849
1063 850
1064 851
224 852
225 853
1071 854
1072 855
1073 856
1074 857
1075 858
1076 859
1077 860
1078 861
1079 862
1080 863
1081 864
1084 865
1085 866
1086 867
1087 868
1088 869
1089 870
1090 871
1091 872
1092 873
1104 874
1105 875
1106 876
1107 877
530 878
200 879
645 880
751 881
1108 882
786 883
1109 884
1112 885
1113 886
1115 887
1124 888
1125 889
1126 890
1127 891
1128 892
1131 893
1136 894
229 895
1155 896
535 897
1156 898
1157 899
1158 900
843 901
1164 902
1167 903
1173 904
1174 905
1175 906
1176 907
1177 908
1179 909
1182 910
1184 911
1185 912
1188 913
1190 914
646 915
1191 916
1194 917
1195 918
1196 919
1199 920
842 921
1207 922
1208 923
191 924
1209 925
1151 926
1193 927
1210 928
1211 929
585 930
1212 931
1220 932
1221 933
1223 934
1224 935
1225 936
1226 937
1227 938
1228 939
1229 940
1230 941
1231 942
1232 943
1233 944
1234 945
1235 946
1236 947
1237 948
1238 949
1239 950
1240 951
1241 952
1242 953
1243 954
1245 955
1248 956
1249 957
1250 958
636 959
1204 960
763 961
1255 962
1257 963
1258 964
1259 965
1260 966
1261 967
1263 968
1150 969
1265 970
766 971
1266 972
1267 973
1268 974
1269 975
1270 976
1272 977
1273 978
1278 979
1280 980
1281 981
212 982
1282 983
1137 984
695 985
1284 986
1285 987
1289 988
1290 989
1286 990
1292 991
1288 992
1293 993
1294 994
1295 995
708 996
226 997
1298 998
1301 999
1300 1000
1303 1001
1306 1002
581 1003
72 1004
1311 1005
1312 1006
1313 1007
1314 1008
1315 1009
1316 1010
1317 1011
1247 1012
1318 1013
1319 1014
1320 1015
1321 1016
1322 1017
1326 1018
1327 1019
1328 1020
1329 1021
1332 1022
1333 1023
1334 1024
1335 1025
1336 1026
1216 1027
1339 1028
1304 1029
1219 1030
1340 1031
1341 1032
1342 1033
1344 1034
1345 1035
1343 1036
1346 1037
1350 1038
1351 1039
1352 1040
1353 1041
1354 1042
1356 1043
1358 1044
1348 1045
1050 1046
1363 1047
1364 1048
804 1049
579 1050
564 1051
1369 1052
1141 1053
584 1054
1370 1055
1371 1056
805 1057
1374 1058
1375 1059
1379 1060
1384 1061
1385 1062
1386 1063
1382 1064
1387 1065
1378 1066
1383 1067
1388 1068
1389 1069
1394 1070
1246 1071
1380 1072
1395 1073
1396 1074
1397 1075
1399 1076
1401 1077
1402 1078
1409 1079
1410 1080
1412 1081
1414 1082
1415 1083
1420 1084
1421 1085
1422 1086
711 1087
1423 1088
46 1089
1424 1090
1425 1091
1426 1092
1427 1093
1428 1094
1429 1095
1432 1096
1433 1097
1434 1098
735 1099
1437 1100
1438 1101
1439 1102
1440 1103
1441 1104
1443 1105
1444 1106
732 1107
1450 1108
1451 1109
1452 1110
1453 1111
1454 1112
1455 1113
1299 1114
1456 1115
1457 1116
815 1117
1458 1118
1067 1119
1459 1120
1467 1121
1468 1122
1469 1123
1470 1124
1471 1125
1472 1126
1473 1127
1474 1128
1475 1129
1476 1130
1477 1131
1478 1132
1479 1133
1480 1134
1481 1135
1482 1136
1483 1137
1484 1138
1485 1139
1486 1140
847 1141
1487 1142
1488 1143
1489 1144
1490 1145
1491 1146
1492 1147
1493 1148
1494 1149
1495 1150
1496 1151
1516 1152
1523 1153
1524 1154
1525 1155
704 1156
1526 1157
559 1158
1527 1159
1528 1160
555 1161
1531 1162
616 1163
1532 1164
710 1165
1533 1166
1534 1167
824 1168
1535 1169
1536 1170
1537 1171
1538 1172
1517 1173
1539 1174
1540 1175
762 1176
1549 1177
1511 1178
1550 1179
1551 1180
1552 1181
1553 1182
1554 1183
1555 1184
230 1185
1556 1186
1144 1187
1559 1188
1560 1189
1561 1190
1562 1191
1563 1192
1564 1193
1365 1194
1572 1195
1574 1196
1575 1197
1576 1198
1578 1199
1497 1200
1582 1201
1583 1202
1391 1203
1406 1204
1218 1205
1585 1206
1586 1207
1587 1208
1588 1209
1590 1210
1591 1211
1592 1212
1594 1213
1146 1214
1595 1215
1596 1216
807 1217
808 1218
1597 1219
1598 1220
1599 1221
1600 1222
1601 1223
1605 1224
1606 1225
1566 1226
746 1227
1612 1228
1613 1229
809 1230
1614 1231
1615 1232
576 1233
1616 1234
1617 1235
1545 1236
1618 1237
1619 1238
1620 1239
1621 1240
1262 1241
1622 1242
1623 1243
1222 1244
1624 1245
1625 1246
1626 1247
1445 1248
1446 1249
1627 1250
1628 1251
1629 1252
1630 1253
1447 1254
1631 1255
1632 1256
1633 1257
1634 1258
1117 1259
1635 1260
1636 1261
1637 1262
1638 1263
1449 1264
1639 1265
1640 1266
1641 1267
1642 1268
1643 1269
1548 1270
1644 1271
1645 1272
607 1273
814 1274
556 1275
1052 1276
1646 1277
1647 1278
596 1279
1648 1280
1649 1281
1650 1282
1651 1283
689 1284
1153 1285
1154 1286
1652 1287
1653 1288
1654 1289
1655 1290
1656 1291
1657 1292
1522 1293
1658 1294
1659 1295
1660 1296
1661 1297
1662 1298
1663 1299
1664 1300
1682 1301
1683 1302
1684 1303
1685 1304
1686 1305
1462 1306
1687 1307
1688 1308
1689 1309
1690 1310
1691 1311
1276 1312
1692 1313
1703 1314
1706 1315
1708 1316
1529 1317
215 1318
1709 1319
1710 1320
1712 1321
1607 1322
1714 1323
1264 1324
1715 1325
1716 1326
1717 1327
1718 1328
1719 1329
717 1330
1723 1331
1724 1332
1727 1333
1608 1334
1082 1335
1733 1336
1506 1337
1734 1338
1735 1339
1736 1340
1737 1341
1738 1342
1166 1343
1740 1344
1741 1345
1743 1346
1744 1347
1745 1348
1675 1349
1722 1350
1750 1351
1498 1352
1752 1353
1753 1354
1754 1355
1755 1356
1756 1357
1680 1358
1757 1359
1758 1360
1148 1361
1759 1362
1761 1363
745 1364
1609 1365
234 1366
1674 1367
1764 1368
1765 1369
1768 1370
1769 1371
1770 1372
1772 1373
848 1374
1844 1375
1845 1376
1846 1377
1847 1378
1848 1379
1849 1380
1829 1381
1850 1382
1851 1383
1852 1384
1853 1385
1854 1386
1834 1387
1855 1388
1856 1389
1857 1390
1830 1391
1039 1392
850 1393
1858 1394
1859 1395
1499 1396
1860 1397
1861 1398
1862 1399
1863 1400
1864 1401
1460 1402
1448 1403
1865 1404
1866 1405
1309 1406
1872 1407
1873 1408
1874 1409
1875 1410
1876 1411
1877 1412
1760 1413
1879 1414
1882 1415
1215 1416
1883 1417
1884 1418
1500 1419
1762 1420
1568 1421
1886 1422
1888 1423
1889 1424
1890 1425
1891 1426
817 1427
1894 1428
1905 1429
1066 1430
1906 1431
1907 1432
1908 1433
1909 1434
747 1435
1867 1436
1910 1437
1186 1438
1911 1439
1147 1440
1912 1441
1149 1442
1913 1443
1914 1444
1915 1445
1916 1446
1917 1447
1116 1448
1918 1449
1898 1450
1921 1451
1880 1452
764 1453
232 1454
1931 1455
1949 1456
1950 1457
1951 1458
1952 1459
1953 1460
1954 1461
1955 1462
1956 1463
1957 1464
1958 1465
1959 1466
1960 1467
1961 1468
1962 1469
1963 1470
1964 1471
1965 1472
1966 1473
1967 1474
1947 1475
851 1476
1969 1477
1972 1478
1732 1479
1975 1480
1976 1481
1977 1482
1978 1483
1567 1484
1980 1485
1981 1486
1971 1487
769 1488
1152 1489
1984 1490
1362 1491
1987 1492
1989 1493
1995 1494
1996 1495
1997 1496
1998 1497
1999 1498
2029 1499
2030 1500
2031 1501
2032 1502
2033 1503
2034 1504
2035 1505
2036 1506
1728 1507
2037 1508
2038 1509
2039 1510
2040 1511
2041 1512
2042 1513
1766 1514
2045 1515
2049 1516
1541 1517
2051 1518
2053 1519
1069 1520
2055 1521
2056 1522
2021 1523
2057 1524
2058 1525
2059 1526
2060 1527
2061 1528
2062 1529
2063 1530
2065 1531
198 1532
2067 1533
2068 1534
2071 1535
2073 1536
1820 1537
2074 1538
2075 1539
2076 1540
2077 1541
2078 1542
2079 1543
2080 1544
2082 1545
2083 1546
2086 1547
2090 1548
25 1549
1180 1550
2047 1551
2092 1552
2093 1553
2094 1554
2095 1555
2096 1556
2097 1557
2099 1558
2100 1559
2101 1560
2106 1561
2108 1562
2111 1563
2112 1564
2113 1565
2114 1566
2115 1567
2116 1568
2121 1569
1602 1570
2129 1571
2130 1572
2131 1573
2132 1574
2133 1575
2010 1576
2134 1577
2137 1578
582 1579
2142 1580
2143 1581
2144 1582
2146 1583
2025 1584
2150 1585
2151 1586
2152 1587
2153 1588
2154 1589
2155 1590
2156 1591
2157 1592
2158 1593
838 1594
2159 1595
1502 1596
2162 1597
1302 1598
2163 1599
2165 1600
2167 1601
2168 1602
1544 1603
2171 1604
2172 1605
1359 1606
819 1607
2174 1608
2169 1609
2175 1610
1839 1611
1843 1612
1943 1613
2185 1614
2186 1615
2187 1616
2188 1617
1808 1618
2189 1619
2190 1620
2191 1621
2022 1622
1510 1623
820 1624
1803 1625
2181 1626
2192 1627
1815 1628
1817 1629
2193 1630
2194 1631
2195 1632
2196 1633
2197 1634
2198 1635
2069 1636
2199 1637
1565 1638
2200 1639
1059 1640
2203 1641
2204 1642
2205 1643
528 1644
2208 1645
2209 1646
2207 1647
1730 1648
2210 1649
2211 1650
2212 1651
818 1652
1114 1653
2216 1654
2217 1655
2274 1656
2275 1657
2271 1658
2276 1659
2277 1660
2278 1661
2279 1662
2280 1663
2281 1664
2282 1665
2283 1666
2284 1667
2285 1668
2286 1669
2287 1670
2288 1671
2289 1672
2290 1673
2291 1674
2292 1675
2293 1676
2294 1677
2295 1678
2296 1679
2297 1680
2298 1681
2302 1682
2303 1683
826 1684
2304 1685
2305 1686
2307 1687
2309 1688
2310 1689
2311 1690
2330 1691
2331 1692
2332 1693
2333 1694
2334 1695
2335 1696
2336 1697
2337 1698
2338 1699
2339 1700
1330 1701
2340 1702
2341 1703
1367 1704
2342 1705
1361 1706
2234 1707
2343 1708
2344 1709
2345 1710
2346 1711
2347 1712
2348 1713
2349 1714
2242 1715
2350 1716
2351 1717
2352 1718
2353 1719
2354 1720
2355 1721
2356 1722
2357 1723
2358 1724
2359 1725
2360 1726
2118 1727
2361 1728
2362 1729
2019 1730
2363 1731
2364 1732
2365 1733
1366 1734
2366 1735
2367 1736
2368 1737
2369 1738
2370 1739
2371 1740
2372 1741
2373 1742
2374 1743
1515 1744
2375 1745
2376 1746
2377 1747
2378 1748
2379 1749
2380 1750
2381 1751
2382 1752
2383 1753
2384 1754
2385 1755
2386 1756
2387 1757
2388 1758
2389 1759
2390 1760
2391 1761
2392 1762
2393 1763
2394 1764
2395 1765
2396 1766
2397 1767
2398 1768
2399 1769
2400 1770
2401 1771
2402 1772
2403 1773
2404 1774
2405 1775
2406 1776
2407 1777
2408 1778
2409 1779
2410 1780
2411 1781
2412 1782
2413 1783
2414 1784
2415 1785
2416 1786
2417 1787
2418 1788
2419 1789
2421 1790
2422 1791
2423 1792
2424 1793
2425 1794
2426 1795
2427 1796
2428 1797
2429 1798
2430 1799
2433 1800
1253 1801
2434 1802
1774 1803
2439 1804
2440 1805
2441 1806
2442 1807
2448 1808
2449 1809
2450 1810
2087 1811
2451 1812
2166 1813
2453 1814
2454 1815
2455 1816
2457 1817
199 1818
2458 1819
2459 1820
2435 1821
2462 1822
1677 1823
2463 1824
2464 1825
2467 1826
2470 1827
2471 1828
1868 1829
2473 1830
1413 1831
2474 1832
2475 1833
2472 1834
2476 1835
2480 1836
2481 1837
2483 1838
2479 1839
2484 1840
2485 1841
2486 1842
2487 1843
2488 1844
2491 1845
2492 1846
2493 1847
2494 1848
2495 1849
2496 1850
2498 1851
2499 1852
1929 1853
2500 1854
812 1855
2501 1856
1731 1857
2502 1858
617 1859
2504 1860
2505 1861
810 1862
2508 1863
2510 1864
2512 1865
2515 1866
2516 1867
1135 1868
1824 1869
2518 1870
2519 1871
2520 1872
2469 1873
1748 1874
2525 1875
2540 1876
2541 1877
2542 1878
2136 1879
2543 1880
2544 1881
2545 1882
2546 1883
1729 1884
2548 1885
1252 1886
1122 1887
1368 1888
2549 1889
2550 1890
2527 1891
2554 1892
2555 1893
1810 1894
2556 1895
2562 1896
2563 1897
2551 1898
2564 1899
2566 1900
2567 1901
2568 1902
2569 1903
2570 1904
2571 1905
2573 1906
2575 1907
2576 1908
1924 1909
2577 1910
2578 1911
2579 1912
2580 1913
2581 1914
2582 1915
2528 1916
2583 1917
2584 1918
1775 1919
2585 1920
2587 1921
2588 1922
1974 1923
2590 1924
2591 1925
2533 1926
2592 1927
2593 1928
2596 1929
2597 1930
2602 1931
2603 1932
2604 1933
2605 1934
2606 1935
2607 1936
2608 1937
2024 1938
2610 1939
2611 1940
2609 1941
2614 1942
2616 1943
2619 1944
1930 1945
1870 1946
2620 1947
2001 1948
2626 1949
2532 1950
2629 1951
2631 1952
2634 1953
2482 1954
2636 1955
2318 1956
2639 1957
2640 1958
2644 1959
577 1960
207 1961
2646 1962
2648 1963
2627 1964
2651 1965
2420 1966
2655 1967
2656 1968
2654 1969
2657 1970
2658 1971
2661 1972
2662 1973
2663 1974
1763 1975
2666 1976
2649 1977
1505 1978
2670 1979
2671 1980
2673 1981
2674 1982
2675 1983
2678 1984
2679 1985
2680 1986
2681 1987
2682 1988
2683 1989
2686 1990
2685 1991
2688 1992
783 1993
2689 1994
2690 1995
2691 1996
2692 1997
2694 1998
2696 1999
2697 2000
1168 2001
2698 2002
2704 2003
2018 2004
2705 2005
2708 2006
2709 2007
2710 2008
2178 2009
2712 2010
2701 2011
2724 2012
1325 2013
2725 2014
2726 2015
1670 2016
1461 2017
2727 2018
1170 2019
2730 2020
2732 2021
1742 2022
2733 2023
2734 2024
2735 2025
2736 2026
2737 2027
2738 2028
2739 2029
1038 2030
2744 2031
2749 2032
2128 2033
2750 2034
2751 2035
2753 2036
2755 2037
1466 2038
2758 2039
2017 2040
2759 2041
2762 2042
2764 2043
1045 2044
2766 2045
2767 2046
2769 2047
1436 2048
2770 2049
1698 2050
2771 2051
2772 2052
1782 2053
2774 2054
2779 2055
2780 2056
2783 2057
2784 2058
2786 2059
2787 2060
2788 2061
2789 2062
1546 2063
2790 2064
2791 2065
2795 2066
2796 2067
2797 2068
2798 2069
2799 2070
2800 2071
2805 2072
2808 2073
1785 2074
2809 2075
2810 2076
2684 2077
2785 2078
2802 2079
2812 2080
2815 2081
2816 2082
2817 2083
2819 2084
2822 2085
2823 2086
2824 2087
1508 2088
655 2089
2825 2090
2826 2091
1347 2092
2828 2093
2829 2094
2831 2095
2832 2096
2179 2097
2834 2098
2835 2099
2722 2100
2838 2101
1093 2102
2839 2103
1790 2104
2840 2105
2841 2106
2842 2107
2843 2108
2844 2109
2845 2110
2846 2111
2847 2112
2848 2113
2849 2114
2850 2115
1791 2116
2851 2117
2852 2118
2853 2119
1509 2120
2854 2121
2223 2122
2855 2123
2860 2124
222 2125
2861 2126
2862 2127
2863 2128
2864 2129
2866 2130
2867 2131
2868 2132
2869 2133
2870 2134
2872 2135
2874 2136
2875 2137
2876 2138
2877 2139
2881 2140
714 2141
2882 2142
2884 2143
2887 2144
2888 2145
2889 2146
2890 2147
821 2148
2894 2149
2595 2150
2928 2151
2929 2152
2930 2153
2931 2154
2932 2155
2933 2156
2934 2157
2935 2158
2936 2159
2937 2160
2938 2161
2939 2162
2940 2163
2941 2164
2942 2165
2943 2166
2944 2167
2945 2168
2946 2169
2947 2170
2949 2171
2952 2172
2955 2173
2956 2174
192 2175
2957 2176
2958 2177
2960 2178
2961 2179
2962 2180
2896 2181
2965 2182
2968 2183
2967 2184
1251 2185
2970 2186
823 2187
2723 2188
2746 2189
2980 2190
2951 2191
2974 2192
3000 2193
3001 2194
3002 2195
3003 2196
3004 2197
3005 2198
3006 2199
3008 2200
3009 2201
3010 2202
3015 2203
3011 2204
3014 2205
3016 2206
1838 2207
3017 2208
3018 2209
3019 2210
3020 2211
1507 2212
3021 2213
3007 2214
3022 2215
3023 2216
2149 2217
3024 2218
2677 2219
1349 2220
3031 2221
3032 2222
3034 2223
3035 2224
3036 2225
3037 2226
3043 2227
3047 2228
3045 2229
3049 2230
3051 2231
3053 2232
3058 2233
3060 2234
3061 2235
3062 2236
2818 2237
3066 2238
3067 2239
3070 2240
3071 2241
1163 2242
3038 2243
3077 2244
3078 2245
3079 2246
2586 2247
3082 2248
2973 2249
3083 2250
3085 2251
3088 2252
3089 2253
3092 2254
836 2255
1310 2256
3094 2257
3095 2258
3099 2259
3100 2260
2699 2261
2700 2262
2559 2263
1831 2264
3101 2265
3103 2266
3105 2267
3106 2268
3110 2269
3111 2270
3112 2271
3114 2272
2507 2273
3116 2274
3117 2275
1096 2276
3118 2277
2703 2278
3124 2279
2222 2280
3127 2281
3128 2282
3129 2283
3130 2284
3132 2285
3133 2286
3135 2287
3136 2288
3137 2289
3138 2290
3139 2291
832 2292
3141 2293
3140 2294
3142 2295
3144 2296
3145 2297
3146 2298
3149 2299
2183 2300
3151 2301
3152 2302
3153 2303
767 2304
3155 2305
3156 2306
3158 2307
3160 2308
2782 2309
1513 2310
3165 2311
3166 2312
3169 2313
3171 2314
3172 2315
3167 2316
3174 2317
3173 2318
3176 2319
3177 2320
3179 2321
3180 2322
3181 2323
3182 2324
3183 2325
3186 2326
3189 2327
3190 2328
3192 2329
3195 2330
3197 2331
3199 2332
3200 2333
3204 2334
3205 2335
3206 2336
3207 2337
3210 2338
3211 2339
2308 2340
3213 2341
1 2342
28 2343
29 2344
30 2345
31 2346
33 2347
34 2348
35 2349
68 2350
190 2351
208 2352
211 2353
213 2354
214 2355
217 2356
223 2357
227 2358
233 2359
533 2360
554 2361
560 2362
561 2363
562 2364
563 2365
565 2366
566 2367
567 2368
568 2369
569 2370
570 2371
572 2372
574 2373
575 2374
580 2375
583 2376
586 2377
587 2378
588 2379
589 2380
593 2381
597 2382
613 2383
614 2384
633 2385
634 2386
643 2387
644 2388
647 2389
651 2390
654 2391
656 2392
659 2393
660 2394
661 2395
682 2396
690 2397
692 2398
694 2399
698 2400
702 2401
706 2402
707 2403
709 2404
716 2405
720 2406
721 2407
726 2408
733 2409
752 2410
761 2411
765 2412
768 2413
770 2414
773 2415
774 2416
775 2417
777 2418
782 2419
784 2420
785 2421
787 2422
788 2423
800 2424
801 2425
802 2426
806 2427
813 2428
825 2429
827 2430
828 2431
829 2432
830 2433
831 2434
833 2435
834 2436
835 2437
839 2438
840 2439
841 2440
844 2441
845 2442
846 2443
849 2444
1016 2445
1017 2446
1030 2447
1032 2448
1033 2449
1034 2450
1035 2451
1036 2452
1037 2453
1043 2454
1048 2455
1054 2456
1057 2457
1058 2458
1065 2459
1068 2460
1070 2461
1083 2462
1094 2463
1095 2464
1097 2465
1098 2466
1099 2467
1100 2468
1101 2469
1102 2470
1103 2471
1110 2472
1111 2473
1118 2474
1119 2475
1120 2476
1121 2477
1123 2478
1129 2479
1130 2480
1132 2481
1133 2482
1134 2483
1138 2484
1139 2485
1140 2486
1142 2487
1143 2488
1145 2489
1159 2490
1160 2491
1161 2492
1162 2493
1165 2494
1169 2495
1171 2496
1172 2497
1178 2498
1181 2499
1183 2500
1187 2501
1189 2502
1192 2503
1197 2504
1198 2505
1200 2506
1201 2507
1202 2508
1203 2509
1205 2510
1206 2511
1213 2512
1214 2513
1217 2514
1244 2515
1254 2516
1256 2517
1271 2518
1274 2519
1275 2520
1277 2521
1279 2522
1283 2523
1287 2524
1291 2525
1296 2526
1297 2527
1305 2528
1307 2529
1308 2530
1323 2531
1324 2532
1331 2533
1337 2534
1338 2535
1355 2536
1357 2537
1360 2538
1372 2539
1373 2540
1376 2541
1377 2542
1381 2543
1390 2544
1392 2545
1393 2546
1398 2547
1400 2548
1403 2549
1404 2550
1405 2551
1407 2552
1408 2553
1411 2554
1416 2555
1417 2556
1418 2557
1419 2558
1430 2559
1431 2560
1435 2561
1442 2562
1463 2563
1464 2564
1465 2565
1501 2566
1503 2567
1504 2568
1512 2569
1514 2570
1518 2571
1519 2572
1520 2573
1521 2574
1530 2575
1542 2576
1543 2577
1547 2578
1557 2579
1558 2580
1569 2581
1570 2582
1571 2583
1573 2584
1577 2585
1579 2586
1580 2587
1581 2588
1584 2589
1589 2590
1593 2591
1603 2592
1604 2593
1610 2594
1611 2595
1665 2596
1666 2597
1667 2598
1668 2599
1669 2600
1671 2601
1672 2602
1673 2603
1676 2604
1678 2605
1679 2606
1681 2607
1693 2608
1694 2609
1695 2610
1696 2611
1697 2612
1699 2613
1700 2614
1701 2615
1702 2616
1704 2617
1705 2618
1707 2619
1711 2620
1713 2621
1720 2622
1721 2623
1725 2624
1726 2625
1739 2626
1746 2627
1747 2628
1749 2629
1751 2630
1767 2631
1771 2632
1773 2633
1776 2634
1777 2635
1778 2636
1779 2637
1780 2638
1781 2639
1783 2640
1784 2641
1786 2642
1787 2643
1788 2644
1789 2645
1792 2646
1793 2647
1794 2648
1795 2649
1796 2650
1797 2651
1798 2652
1799 2653
1800 2654
1801 2655
1802 2656
1804 2657
1805 2658
1806 2659
1807 2660
1809 2661
1811 2662
1812 2663
1813 2664
1814 2665
1816 2666
1818 2667
1819 2668
1821 2669
1822 2670
1823 2671
1825 2672
1826 2673
1827 2674
1828 2675
1832 2676
1833 2677
1835 2678
1836 2679
1837 2680
1840 2681
1841 2682
1842 2683
1869 2684
1871 2685
1878 2686
1881 2687
1885 2688
1887 2689
1892 2690
1893 2691
1895 2692
1896 2693
1897 2694
1899 2695
1900 2696
1901 2697
1902 2698
1903 2699
1904 2700
1919 2701
1920 2702
1922 2703
1923 2704
1925 2705
1926 2706
1927 2707
1928 2708
1932 2709
1933 2710
1934 2711
1935 2712
1936 2713
1937 2714
1938 2715
1939 2716
1940 2717
1941 2718
1942 2719
1944 2720
1945 2721
1946 2722
1948 2723
1968 2724
1970 2725
1973 2726
1979 2727
1982 2728
1983 2729
1985 2730
1986 2731
1988 2732
1990 2733
1991 2734
1992 2735
1993 2736
1994 2737
2000 2738
2002 2739
2003 2740
2004 2741
2005 2742
2006 2743
2007 2744
2008 2745
2009 2746
2011 2747
2012 2748
2013 2749
2014 2750
2015 2751
2016 2752
2020 2753
2023 2754
2026 2755
2027 2756
2028 2757
2043 2758
2044 2759
2046 2760
2048 2761
2050 2762
2052 2763
2054 2764
2064 2765
2066 2766
2070 2767
2072 2768
2081 2769
2084 2770
2085 2771
2088 2772
2089 2773
2091 2774
2098 2775
2102 2776
2103 2777
2104 2778
2105 2779
2107 2780
2109 2781
2110 2782
2117 2783
2119 2784
2120 2785
2122 2786
2123 2787
2124 2788
2125 2789
2126 2790
2127 2791
2135 2792
2138 2793
2139 2794
2140 2795
2141 2796
2145 2797
2147 2798
2148 2799
2160 2800
2161 2801
2164 2802
2170 2803
2173 2804
2176 2805
2177 2806
2180 2807
2182 2808
2184 2809
2201 2810
2202 2811
2206 2812
2213 2813
2214 2814
2215 2815
2218 2816
2219 2817
2220 2818
2221 2819
2224 2820
2225 2821
2226 2822
2227 2823
2228 2824
2229 2825
2230 2826
2231 2827
2232 2828
2233 2829
2235 2830
2236 2831
2237 2832
2238 2833
2239 2834
2240 2835
2241 2836
2243 2837
2244 2838
2245 2839
2246 2840
2247 2841
2248 2842
2249 2843
2250 2844
2251 2845
2252 2846
2253 2847
2254 2848
2255 2849
2256 2850
2257 2851
2258 2852
2259 2853
2260 2854
2261 2855
2262 2856
2263 2857
2264 2858
2265 2859
2266 2860
2267 2861
2268 2862
2269 2863
2270 2864
2272 2865
2273 2866
2299 2867
2300 2868
2301 2869
2306 2870
2312 2871
2313 2872
2314 2873
2315 2874
2316 2875
2317 2876
2319 2877
2320 2878
2321 2879
2322 2880
2323 2881
2324 2882
2325 2883
2326 2884
2327 2885
2328 2886
2329 2887
2431 2888
2432 2889
2436 2890
2437 2891
2438 2892
2443 2893
2444 2894
2445 2895
2446 2896
2447 2897
2452 2898
2456 2899
2460 2900
2461 2901
2465 2902
2466 2903
2468 2904
2477 2905
2478 2906
2489 2907
2490 2908
2497 2909
2503 2910
2506 2911
2509 2912
2511 2913
2513 2914
2514 2915
2517 2916
2521 2917
2522 2918
2523 2919
2524 2920
2526 2921
2529 2922
2530 2923
2531 2924
2534 2925
2535 2926
2536 2927
2537 2928
2538 2929
2539 2930
2547 2931
2552 2932
2553 2933
2557 2934
2558 2935
2560 2936
2561 2937
2565 2938
2572 2939
2574 2940
2589 2941
2594 2942
2598 2943
2599 2944
2600 2945
2601 2946
2612 2947
2613 2948
2615 2949
2617 2950
2618 2951
2621 2952
2622 2953
2623 2954
2624 2955
2625 2956
2628 2957
2630 2958
2632 2959
2633 2960
2635 2961
2637 2962
2638 2963
2641 2964
2642 2965
2643 2966
2645 2967
2647 2968
2650 2969
2652 2970
2653 2971
2659 2972
2660 2973
2664 2974
2665 2975
2667 2976
2668 2977
2669 2978
2672 2979
2676 2980
2687 2981
2693 2982
2695 2983
2702 2984
2706 2985
2707 2986
2711 2987
2713 2988
2714 2989
2715 2990
2716 2991
2717 2992
2718 2993
2719 2994
2720 2995
2721 2996
2728 2997
2729 2998
2731 2999
2740 3000
2741 3001
2742 3002
2743 3003
2745 3004
2747 3005
2748 3006
2752 3007
2754 3008
2756 3009
2757 3010
2760 3011
2761 3012
2763 3013
2765 3014
2768 3015
2773 3016
2775 3017
2776 3018
2777 3019
2778 3020
2781 3021
2792 3022
2793 3023
2794 3024
2801 3025
2803 3026
2804 3027
2806 3028
2807 3029
2811 3030
2813 3031
2814 3032
2820 3033
2821 3034
2827 3035
2830 3036
2833 3037
2836 3038
2837 3039
2856 3040
2857 3041
2858 3042
2859 3043
2865 3044
2871 3045
2873 3046
2878 3047
2879 3048
2880 3049
2883 3050
2885 3051
2886 3052
2891 3053
2892 3054
2893 3055
2895 3056
2897 3057
2898 3058
2899 3059
2900 3060
2901 3061
2902 3062
2903 3063
2904 3064
2905 3065
2906 3066
2907 3067
2908 3068
2909 3069
2910 3070
2911 3071
2912 3072
2913 3073
2914 3074
2915 3075
2916 3076
2917 3077
2918 3078
2919 3079
2920 3080
2921 3081
2922 3082
2923 3083
2924 3084
2925 3085
2926 3086
2927 3087
2948 3088
2950 3089
2953 3090
2954 3091
2959 3092
2963 3093
2964 3094
2966 3095
2969 3096
2971 3097
2972 3098
2975 3099
2976 3100
2977 3101
2978 3102
2979 3103
2981 3104
2982 3105
2983 3106
2984 3107
2985 3108
2986 3109
2987 3110
2988 3111
2989 3112
2990 3113
2991 3114
2992 3115
2993 3116
2994 3117
2995 3118
2996 3119
2997 3120
2998 3121
2999 3122
3012 3123
3013 3124
3025 3125
3026 3126
3027 3127
3028 3128
3029 3129
3030 3130
3033 3131
3039 3132
3040 3133
3041 3134
3042 3135
3044 3136
3046 3137
3048 3138
3050 3139
3052 3140
3054 3141
3055 3142
3056 3143
3057 3144
3059 3145
3063 3146
3064 3147
3065 3148
3068 3149
3069 3150
3072 3151
3073 3152
3074 3153
3075 3154
3076 3155
3080 3156
3081 3157
3084 3158
3086 3159
3087 3160
3090 3161
3091 3162
3093 3163
3096 3164
3097 3165
3098 3166
3102 3167
3104 3168
3107 3169
3108 3170
3109 3171
3113 3172
3115 3173
3119 3174
3120 3175
3121 3176
3122 3177
3123 3178
3125 3179
3126 3180
3131 3181
3134 3182
3143 3183
3147 3184
3148 3185
3150 3186
3154 3187
3157 3188
3159 3189
3161 3190
3162 3191
3163 3192
3164 3193
3168 3194
3170 3195
3175 3196
3178 3197
3184 3198
3185 3199
3187 3200
3188 3201
3191 3202
3193 3203
3194 3204
3196 3205
3198 3206
3201 3207
3202 3208
3203 3209
3208 3210
3209 3211
3212 3212
3214 3213
